Person 1:
[[930.661, 530.415], [880.559, 527.365]],
[[930.672, 530.415], [880.401, 527.364]],
[[930.686, 533.182], [877.645, 527.341]],
[[930.621, 530.422], [880.427, 527.361]],
[[930.705, 530.271], [877.597, 527.401]],
[[930.626, 533.241], [883.391, 527.4]],
[[930.664, 530.337], [880.39, 527.43]],
[[930.704, 530.324], [880.389, 527.454]],
[[933.486, 530.303], [877.613, 530.155]],
[[930.709, 530.322], [877.615, 530.175]],
[[933.468, 530.261], [877.64, 530.18]],
[[930.668, 530.234], [880.429, 530.184]],
[[930.652, 530.224], [880.436, 530.189]],
[[930.6, 530.28], [880.438, 530.194]],
[[930.574, 530.276], [880.428, 530.202]],
[[927.729, 530.193], [880.441, 530.202]],
[[927.56, 530.325], [880.415, 530.213]],
[[924.732, 530.26], [880.428, 530.201]],
[[927.527, 530.31], [880.44, 530.222]],
[[927.688, 530.193], [880.441, 530.224]],
[[930.555, 527.461], [880.401, 530.234]],
[[930.696, 527.469], [877.637, 530.255]],
[[933.563, 527.44], [877.642, 530.261]],
[[933.552, 530.273], [880.404, 530.246]],
[[933.515, 530.29], [877.599, 530.227]],
[[933.511, 530.292], [877.612, 530.218]],
[[933.561, 530.253], [877.628, 530.205]],
[[933.539, 530.24], [880.396, 530.212]],
[[933.481, 530.264], [880.403, 530.236]],
[[933.534, 530.288], [880.418, 530.21]],
[[933.594, 530.302], [880.425, 530.208]],
[[933.605, 530.317], [877.634, 530.184]],
[[933.595, 530.295], [880.405, 530.171]],
[[933.611, 530.262], [880.414, 530.169]],
[[936.482, 530.303], [880.415, 527.463]],
[[936.492, 530.32], [880.401, 530.152]],
[[939.37, 530.307], [877.639, 527.47]],
[[942.293, 530.316], [880.405, 527.456]],
[[939.377, 530.287], [880.397, 527.406]],
[[936.515, 530.263], [877.626, 527.331]],
[[939.379, 530.235], [877.608, 527.348]],
[[939.406, 530.218], [877.603, 527.385]],
[[939.45, 530.224], [877.616, 527.372]],
[[942.288, 530.227], [877.621, 527.387]],
[[939.434, 530.259], [877.626, 527.351]],
[[939.413, 530.276], [877.636, 527.327]],
[[942.362, 530.239], [877.634, 527.354]],
[[939.443, 530.277], [877.608, 527.373]],
[[939.422, 530.338], [877.587, 530.245]],
[[933.583, 530.294], [877.627, 530.161]],
[[933.543, 530.288], [877.612, 530.175]],
[[930.688, 530.32], [877.631, 530.174]],
[[930.7, 530.311], [877.598, 530.17]],
[[933.5, 530.262], [877.639, 527.467]],
[[933.478, 530.205], [877.613, 527.462]],
[[933.556, 530.233], [877.597, 527.414]],
[[933.54, 530.257], [877.605, 527.449]],
[[933.597, 530.195], [877.625, 527.419]],
[[936.409, 527.409], [877.612, 527.47]],
[[933.526, 530.175], [877.579, 530.188]],
[[933.498, 527.445], [877.58, 530.231]],
[[933.469, 527.365], [877.543, 530.247]],
[[930.637, 524.448], [877.595, 530.208]],
[[930.63, 527.458], [877.534, 530.285]],
[[930.536, 530.194], [877.585, 530.276]],
[[927.619, 530.24], [877.583, 530.28]],
[[927.582, 530.281], [877.577, 530.302]],
[[927.645, 530.255], [877.571, 530.301]],
[[930.586, 530.158], [877.54, 530.3]],
[[930.624, 527.434], [877.528, 530.321]],
[[930.707, 527.46], [877.515, 530.327]],
[[933.546, 530.17], [874.696, 530.316]],
[[933.548, 527.473], [874.697, 530.318]],
[[933.54, 530.203], [877.487, 530.303]],
[[933.578, 530.203], [877.506, 530.317]],
[[933.606, 530.2], [877.524, 530.307]],
[[936.441, 530.16], [877.524, 530.298]],
[[933.593, 530.221], [877.532, 530.272]],
[[933.528, 530.254], [877.533, 530.212]],
[[933.574, 530.239], [877.549, 530.236]],
[[933.586, 530.237], [877.533, 530.242]],
[[933.536, 530.203], [877.555, 530.311]],
[[933.542, 530.247], [877.522, 530.336]],
[[933.608, 530.251], [877.519, 530.303]],
[[936.518, 530.288], [877.491, 530.19]],
[[936.518, 530.214], [877.539, 530.165]],
[[936.51, 530.202], [877.568, 527.449]],
[[936.483, 530.189], [877.583, 527.413]],
[[936.465, 530.165], [877.568, 527.414]],
[[936.436, 530.202], [877.524, 530.164]],
[[936.442, 530.189], [877.515, 530.266]],
[[933.576, 530.221], [874.683, 530.335]],
[[933.567, 530.252], [877.501, 530.427]],
[[933.595, 530.178], [877.54, 530.432]],
[[933.54, 530.27], [877.507, 530.405]],
[[933.556, 530.229], [874.678, 530.405]],
[[933.598, 530.202], [874.614, 530.395]],
[[930.682, 530.26], [874.588, 530.395]],
[[930.67, 527.45], [871.718, 530.355]],
[[930.545, 527.448], [871.689, 530.403]],
[[927.665, 530.193], [871.728, 530.409]],
[[924.693, 530.316], [871.743, 530.38]],
[[924.572, 530.309], [871.74, 530.362]],
[[924.58, 530.28], [871.75, 530.342]],
[[924.612, 530.37], [874.573, 530.428]],
[[924.603, 530.345], [874.582, 530.433]],
[[924.619, 530.346], [874.596, 530.424]],
[[924.593, 530.308], [874.612, 530.423]],
[[924.595, 530.29], [874.605, 530.42]],
[[924.598, 530.29], [874.595, 530.428]],
[[924.61, 530.281], [874.6, 530.426]],
[[924.606, 530.286], [874.641, 530.43]],
[[924.605, 530.3], [874.654, 530.434]],
[[924.607, 530.307], [874.665, 530.442]],
[[924.607, 530.3], [874.652, 530.435]],
[[924.612, 530.296], [874.657, 530.433]],
[[924.613, 530.295], [874.659, 530.427]],
[[924.614, 530.299], [874.658, 530.423]],
[[924.612, 530.307], [874.655, 530.417]],
[[924.601, 530.3], [874.643, 530.411]],
[[924.585, 530.302], [874.648, 530.416]],
[[924.583, 530.299], [874.648, 530.419]],
[[924.58, 530.299], [874.654, 530.418]],
[[921.786, 530.298], [874.658, 530.418]],
[[924.574, 530.3], [874.659, 530.42]],
[[921.784, 530.296], [874.657, 530.429]],
[[921.774, 530.297], [874.654, 530.416]],
[[921.773, 530.289], [874.637, 530.398]],
[[921.772, 530.287], [874.632, 530.396]],
[[921.786, 530.292], [874.647, 530.408]],
[[921.784, 530.287], [874.636, 530.424]],
[[924.599, 530.279], [874.607, 530.424]],
[[924.623, 530.261], [874.605, 530.445]],
[[924.657, 530.26], [874.613, 530.449]],
[[924.654, 530.197], [874.666, 530.457]],
[[924.617, 530.23], [877.498, 533.196]],
[[924.618, 530.226], [877.536, 533.201]],
[[924.706, 530.202], [874.695, 533.173]],
[[924.632, 530.229], [874.689, 533.202]],
[[921.728, 530.372], [874.67, 533.202]],
[[921.764, 533.207], [874.676, 533.177]],
[[921.767, 533.235], [877.511, 533.182]],
[[921.706, 533.334], [877.519, 533.169]],
[[921.757, 533.29], [877.509, 530.429]],
[[924.584, 533.279], [877.527, 530.433]],
[[924.621, 533.295], [877.546, 533.18]],
[[924.627, 533.296], [877.575, 530.439]],
[[924.654, 533.254], [877.595, 530.399]],
[[924.695, 533.276], [877.608, 530.415]],
[[924.7, 533.283], [880.463, 530.433]],
[[927.538, 533.217], [880.461, 530.38]],
[[927.555, 533.242], [880.477, 530.341]],
[[927.566, 533.28], [880.412, 530.265]],
[[927.573, 533.317], [880.436, 530.303]],
[[927.596, 536.15], [880.469, 530.334]],
[[927.603, 536.175], [880.446, 530.33]],
[[927.624, 536.168], [880.461, 530.27]],
[[927.684, 533.29], [880.472, 530.196]],
[[927.677, 533.3], [880.48, 530.199]],
[[927.656, 533.252], [880.464, 530.189]],
[[927.659, 533.238], [880.433, 530.189]],
[[927.65, 533.232], [880.435, 530.201]],
[[927.634, 533.177], [880.501, 530.178]],
[[927.642, 530.421], [880.503, 530.166]],
[[927.648, 530.417], [880.48, 530.168]],
[[927.645, 530.42], [880.471, 530.166]],
[[927.65, 530.413], [880.447, 530.201]],
[[927.665, 530.393], [880.425, 530.199]],
[[927.702, 530.41], [880.435, 530.206]],
[[927.708, 530.416], [880.404, 530.213]],
[[927.669, 530.382], [880.422, 530.236]],
[[930.596, 530.243], [880.401, 530.208]],
[[939.431, 527.456], [880.449, 530.265]],
[[951.248, 530.265], [880.426, 530.237]],
[[954.18, 530.293], [880.379, 530.238]],
[[974.794, 533.183], [880.388, 530.241]],
[[977.603, 530.333], [880.417, 530.182]],
[[977.561, 530.411], [877.641, 527.464]],
[[977.616, 530.433], [883.485, 527.411]],
[[977.601, 530.412], [886.377, 527.389]],
[[977.633, 533.196], [886.438, 527.331]],
[[977.64, 533.184], [886.486, 527.376]],
[[980.576, 530.447], [886.439, 527.29]],
[[977.804, 530.412], [886.458, 527.255]],
[[980.611, 527.375], [895.201, 524.371]],
[[986.451, 530.187], [904.124, 524.362]],
[[998.162, 530.235], [910.016, 524.35]],
[[1007.09, 527.432], [918.821, 527.378]],
[[1024.66, 530.213], [927.725, 527.448]],
[[1030.72, 530.202], [930.569, 527.427]],
[[1042.32, 530.409], [933.566, 527.37]],
[[1045.43, 533.182], [933.559, 527.364]],
[[1048.25, 533.233], [933.53, 527.388]],
[[1048.34, 533.263], [930.705, 527.247]],
[[1054.2, 547.854], [936.505, 524.423]],
[[1054.23, 542.035], [974.572, 524.313]],
[[1065.82, 539.059], [998.201, 530.295]],
[[1068.84, 533.221], [1039.49, 530.26]],
[[1092.37, 533.267], [1068.9, 544.987]],
[[1095.33, 547.887], [1071.87, 550.961]],
[[1104.26, 553.954], [1048.34, 565.58]],
[[1133.69, 553.935], [0, 0]],
[[1160.07, 568.546], [0, 0]],
[[1183.58, 571.476], [0, 0]],
[[1189.59, 574.297], [0, 0]],
[[1192.66, 580.3], [0, 0]],
[[1210.09, 592.113], [0, 0]],
[[1210.22, 595.038], [0, 0]],
[[1210.17, 597.841], [0, 0]],
[[1210.21, 595.078], [1092.52, 556.756]],
[[1210.2, 594.983], [0, 0]],
[[1210.28, 594.934], [1104.2, 551.018]],
[[1210.29, 594.939], [1113.07, 550.976]],
[[1213.08, 594.984], [1113.06, 550.943]],
[[1210.3, 594.974], [1107.19, 550.964]],
[[1210.2, 594.954], [1101.22, 550.966]],
[[1210.24, 592.104], [1095.46, 550.972]],
[[1210.03, 583.281], [1092.33, 547.964]],
[[1192.56, 580.328], [1068.91, 571.534]],
[[1186.64, 574.44], [1071.93, 568.582]],
[[1183.68, 577.431], [1071.93, 556.884]],
[[1186.47, 580.344], [1074.77, 559.729]],
[[1186.67, 580.312], [1071.94, 571.455]],
[[1186.68, 577.466], [1063, 574.373]],
[[1171.92, 574.417], [1065.89, 574.327]],
[[1157.19, 568.482], [1065.85, 571.423]],
[[1136.55, 556.733], [1065.87, 568.556]],
[[1107.14, 553.888], [1062.96, 571.446]],
[[1074.88, 547.959], [1051.32, 574.36]],
[[1063.03, 536.203], [1048.21, 571.366]],
[[1048.27, 533.235], [1048.28, 574.258]],
[[1027.64, 521.475], [1048.3, 568.548]],
[[1021.68, 515.586], [1051.35, 571.423]],
[[1004.22, 515.628], [1051.2, 571.401]],
[[1001.2, 524.441], [1048.31, 559.772]],
[[998.353, 527.35], [1042.38, 553.804]],
[[998.194, 530.182], [1027.65, 550.921]],
[[1004.23, 527.308], [1004.27, 550.733]],
[[1007.1, 524.446], [998.26, 542.073]],
[[1010.06, 521.411], [977.546, 536.245]],
[[1021.87, 521.499], [951.17, 533.219]],
[[1039.45, 524.294], [930.614, 530.351]],
[[1045.46, 527.253], [918.79, 530.375]],
[[1045.38, 527.309], [910.03, 533.188]],
[[1045.44, 527.248], [907.155, 533.266]],
[[1045.3, 524.406], [907.142, 533.221]],
[[1042.35, 524.311], [907.164, 536.131]],
[[1024.91, 521.409], [907.127, 533.252]],
[[1004.09, 512.675], [907.153, 533.296]],
[[977.657, 509.783], [909.953, 533.257]],
[[954.015, 509.729], [907.104, 533.197]],
[[927.668, 506.651], [901.08, 530.291]],
[[901.161, 494.944], [889.342, 527.471]],
[[880.622, 492], [892.288, 530.272]],
[[856.992, 480.259], [898.2, 530.286]],
[[836.341, 477.343], [898.146, 530.352]],
[[812.981, 474.344], [898.179, 530.36]],
[[803.949, 477.245], [901.042, 530.169]],
[[786.307, 480.203], [889.398, 524.35]],
[[783.33, 483.161], [874.641, 524.294]],
[[780.501, 486.084], [854.023, 515.56]],
[[786.232, 486.166], [821.693, 506.823]],
[[786.397, 483.282], [795.229, 503.787]],
[[789.281, 480.369], [765.842, 483.271]],
[[789.204, 480.169], [739.146, 465.547]],
[[798.079, 480.15], [703.967, 450.828]],
[[806.865, 477.264], [680.365, 436.119]],
[[801.097, 477.295], [668.555, 433.1]],
[[806.885, 465.511], [648.053, 436.06]],
[[792.187, 459.616], [645.161, 447.872]],
[[786.365, 459.59], [639.175, 465.481]],
[[771.596, 459.537], [639.203, 477.184]],
[[762.901, 456.713], [639.198, 477.204]],
[[759.819, 459.747], [636.294, 477.243]],
[[742.283, 468.458], [639.12, 477.245]],
[[739.212, 480.248], [636.265, 477.353]],
[[730.385, 480.368], [636.281, 477.284]],
[[724.568, 483.191], [627.531, 480.145]],
[[730.422, 483.177], [642.023, 477.186]],
[[730.45, 480.322], [644.992, 471.41]],
[[733.348, 483.103], [656.842, 471.383]],
[[745.163, 483.178], [671.555, 480.166]],
[[771.607, 477.36], [692.052, 483.104]],
[[792.204, 477.309], [692.253, 486.247]],
[[812.764, 483.347], [694.996, 489.148]],
[[821.676, 491.979], [695.055, 489.027]],
[[830.419, 500.756], [695.037, 486.233]],
[[830.402, 500.894], [706.858, 497.949]],
[[827.577, 500.815], [718.55, 503.703]],
[[833.38, 494.977], [736.229, 503.718]],
[[833.393, 486.191], [739.344, 503.91]],
[[833.28, 480.32], [742.297, 506.797]],
[[818.73, 471.417], [762.793, 518.454]],
[[812.844, 468.483], [765.822, 524.415]],
[[809.837, 480.212], [765.832, 527.204]],
[[803.963, 506.707], [762.79, 527.236]],
[[789.222, 521.458], [762.7, 527.237]],
[[786.334, 521.4], [751.059, 527.397]],
[[756.864, 530.176], [774.596, 512.574]],
[[739.208, 542.015], [777.494, 509.758]],
[[727.438, 550.947], [771.687, 509.754]],
[[718.797, 556.773], [765.847, 515.612]],
[[715.805, 568.505], [765.797, 521.443]],
[[715.739, 568.485], [762.794, 524.411]],
[[715.695, 568.516], [762.842, 527.318]],
[[715.689, 568.562], [762.812, 527.371]],
[[715.708, 568.532], [765.654, 527.411]],
[[715.71, 568.537], [768.64, 530.204]],
[[715.735, 568.514], [765.827, 530.429]],
[[715.784, 568.503], [765.784, 530.344]],
[[718.589, 562.684], [762.774, 530.181]],
[[718.778, 565.563], [762.709, 530.36]],
[[736.237, 562.681], [759.805, 530.233]],
[[736.259, 559.774], [759.77, 530.213]],
[[736.285, 556.883], [742.139, 533.281]],
[[736.253, 556.818], [742.318, 539.11]],
[[736.269, 559.715], [751.069, 536.198]],
[[739.13, 556.771], [751.07, 536.177]],
[[745.173, 553.826], [739.258, 533.238]],
[[762.859, 550.964], [733.407, 547.875]],
[[768.731, 533.273], [730.413, 533.32]],
[[786.311, 530.451], [730.377, 533.235]],
[[901.062, 783.397], [0, 0]],
[[809.995, 533.308], [0, 0]],
[[812.758, 539.065], [748.12, 533.196]],
[[809.839, 539.159], [759.727, 530.213]],
[[812.734, 539.16], [759.777, 530.218]],
[[809.957, 542.016], [759.9, 527.463]],
[[812.76, 539.145], [762.918, 527.386]],
[[815.899, 542.054], [765.756, 524.461]],
[[833.444, 542.063], [759.866, 524.44]],
[[836.273, 544.958], [756.933, 527.298]],
[[836.298, 547.822], [756.953, 527.428]],
[[833.545, 547.829], [756.912, 527.434]],
[[836.263, 547.885], [748.065, 527.425]],
[[839.275, 533.344], [748.127, 530.244]],
[[859.817, 536.156], [748.169, 530.235]],
[[862.868, 530.36], [753.933, 530.194]],
[[877.578, 527.346], [759.841, 530.225]],
[[880.569, 521.481], [762.748, 527.376]],
[[883.373, 509.666], [768.744, 527.315]],
[[889.347, 509.645], [789.165, 530.257]],
[[901.082, 506.639], [801.035, 527.394]],
[[906.927, 503.836], [807.001, 530.18]],
[[910.051, 503.784], [809.816, 527.354]],
[[912.875, 503.872], [812.695, 527.361]],
[[915.877, 506.776], [812.932, 527.352]],
[[912.874, 506.904], [0, 0]],
[[915.872, 506.681], [0, 0]],
[[918.82, 506.765], [0, 0]],
[[921.677, 506.64], [830.545, 503.766]],
[[921.767, 503.758], [856.966, 497.918]],
[[924.589, 503.783], [880.524, 500.743]],
[[889.418, 480.208], [930.628, 506.825]],
[[924.68, 477.305], [936.512, 506.774]],
[[954.049, 483.113], [948.231, 497.861]],
[[962.972, 480.24], [971.719, 500.829]],
[[989.407, 480.314], [977.761, 503.655]],
[[1007.12, 465.591], [977.695, 503.636]],
[[1036.51, 456.763], [977.762, 500.761]],
[[1048.36, 447.891], [977.661, 500.743]],
[[1077.79, 459.745], [977.746, 497.866]],
[[1101.3, 456.792], [983.584, 491.997]],
[[1119.08, 459.55], [998.156, 492.059]],
[[1142.5, 462.551], [1004.22, 494.983]],
[[1157.18, 471.391], [1024.66, 497.955]],
[[1027.72, 483.262], [1166.14, 471.361]],
[[1162.95, 477.188], [1048.43, 494.942]],
[[1160.03, 474.406], [1068.77, 494.959]],
[[1160.11, 471.447], [1071.8, 494.991]],
[[1160.07, 471.4], [1071.89, 492.069]],
[[1160.04, 468.474], [1071.87, 489.097]],
[[1160.03, 471.446], [1071.94, 489.068]],
[[1160.09, 471.43], [1071.95, 486.22]],
[[1160.05, 474.314], [1071.83, 486.219]],
[[1157.17, 465.567], [1068.76, 486.231]],
[[1160.19, 465.492], [1057.1, 492.027]],
[[1151.33, 459.788], [1054.21, 497.902]],
[[1142.38, 459.626], [1054.25, 500.81]],
[[1127.73, 462.634], [1057.14, 503.633]],
[[1118.93, 474.316], [1054.19, 500.86]],
[[1112.96, 480.337], [1051.26, 492.033]],
[[1110.09, 483.312], [1045.29, 492.038]],
[[1107.13, 492.071], [1027.7, 497.855]],
[[1107.2, 495], [1012.98, 503.64]],
[[1115.83, 497.889], [998.368, 503.777]],
[[1116.01, 497.936], [989.472, 506.663]],
[[1115.9, 483.211], [989.386, 512.614]],
[[1104.24, 480.092], [989.388, 521.395]],
[[1095.45, 477.356], [983.577, 518.534]],
[[1092.5, 492.042], [980.701, 518.555]],
[[1092.36, 506.73], [980.695, 518.541]],
[[1092.42, 521.394], [983.523, 521.398]],
[[1095.45, 527.404], [983.577, 518.537]],
[[1098.47, 530.204], [983.583, 521.382]],
[[1110.03, 533.236], [986.493, 518.495]],
[[1113.11, 539.139], [992.428, 518.554]],
[[1115.94, 544.959], [995.34, 521.43]],
[[1115.94, 553.755], [998.317, 524.373]],
[[1118.84, 556.883], [1001.25, 524.388]],
[[1119.02, 562.682], [1001.32, 527.344]],
[[1119.02, 562.626], [0, 0]],
[[1118.98, 562.629], [0, 0]],
[[1118.96, 562.622], [1030.69, 553.772]],
[[1118.95, 562.677], [1024.92, 559.787]],
[[1118.94, 559.758], [1027.68, 553.87]],
[[1118.87, 565.561], [1024.77, 550.896]],
[[1118.89, 565.607], [0, 0]],
[[1118.88, 562.621], [1021.79, 533.16]],
[[1118.99, 559.679], [1012.97, 527.477]],
[[1118.91, 553.817], [1004.12, 530.197]],
[[1116.02, 553.748], [992.422, 530.344]],
[[1116.08, 550.917], [980.593, 536.241]],
[[1118.99, 553.887], [977.542, 542.045]],
[[1118.96, 553.932], [974.689, 547.862]],
[[1118.98, 553.731], [971.819, 547.915]],
[[1118.83, 553.739], [968.87, 550.711]],
[[1113.03, 550.847], [989.386, 547.994]],
[[1095.52, 550.731], [983.508, 547.988]],
[[1077.73, 544.968], [977.743, 553.752]],
[[1068.92, 547.916], [980.673, 547.927]],
[[1048.28, 550.765], [977.669, 544.951]],
[[1024.69, 553.835], [980.546, 547.992]],
[[1021.75, 556.765], [974.83, 550.839]],
[[1018.89, 553.963], [974.707, 550.86]],
[[1015.93, 553.82], [971.789, 550.752]],
[[1007.13, 550.843], [968.79, 550.876]],
[[998.362, 550.812], [954.086, 547.943]],
[[980.615, 553.902], [948.096, 547.876]],
[[974.629, 568.524], [930.5, 550.806]],
[[971.794, 568.499], [924.581, 544.96]],
[[971.658, 568.513], [907.073, 545.033]],
[[971.739, 568.52], [903.956, 547.83]],
[[971.709, 568.493], [904.132, 550.734]],
[[965.88, 568.485], [906.992, 550.849]],
[[960.027, 556.817], [906.942, 550.798]],
[[959.971, 553.726], [907.061, 550.832]],
[[957.135, 550.863], [912.945, 550.739]],
[[959.955, 545.01], [921.705, 547.829]],
[[954.278, 533.322], [924.55, 542.071]],
[[954.233, 530.188], [921.736, 536.223]],
[[954.305, 527.28], [918.814, 530.374]],
[[954.154, 506.782], [912.871, 533.192]],
[[954.033, 503.742], [915.859, 530.371]],
[[951.017, 489.067], [909.965, 530.239]],
[[948.133, 486.152], [0, 0]],
[[942.284, 486.09], [0, 0]],
[[930.695, 483.292], [901.162, 500.912]],
[[930.552, 486.191], [904.016, 500.746]],
[[930.556, 489.023], [903.935, 492.042]],
[[930.444, 486.188], [901.139, 486.089]],
[[930.497, 483.26], [901.183, 483.25]],
[[930.634, 486.193], [903.969, 486.108]],
[[936.477, 486.116], [906.909, 483.193]],
[[939.457, 483.069], [909.913, 477.275]],
[[945.28, 480.368], [910.129, 480.205]],
[[945.314, 480.265], [918.773, 483.098]],
[[948.212, 480.132], [915.915, 483.119]],
[[948.147, 471.365], [918.815, 483.222]],
[[948.274, 459.557], [918.797, 483.132]],
[[951.133, 453.793], [918.832, 483.086]],
[[954.035, 453.794], [924.572, 483.049]],
[[945.312, 453.811], [924.654, 480.377]],
[[915.868, 462.633], [924.735, 480.189]],
[[918.784, 459.704], [927.55, 480.11]],
[[927.548, 462.576], [927.673, 480.076]],
[[927.592, 465.498], [930.607, 474.385]],
[[927.501, 462.612], [930.676, 477.245]],
[[924.713, 459.77], [930.634, 477.272]],
[[927.673, 462.633], [930.575, 474.39]],
[[930.604, 459.642], [927.702, 471.417]],
[[933.553, 453.694], [927.628, 474.397]],
[[948.212, 447.829], [927.641, 465.555]],
[[951.257, 450.828], [930.67, 459.775]],
[[933.557, 450.848], [936.467, 459.599]],
[[962.991, 447.864], [933.609, 456.679]],
[[971.72, 450.817], [942.329, 459.559]],
[[974.611, 450.821], [948.195, 459.553]],
[[968.836, 450.846], [948.273, 459.64]],
[[960.024, 442], [951.077, 459.567]],
[[968.851, 447.833], [945.247, 459.638]],
[[971.758, 450.764], [939.376, 456.766]],
[[971.804, 450.783], [939.401, 459.625]],
[[971.674, 453.804], [927.699, 468.455]],
[[968.82, 459.583], [924.576, 474.364]],
[[965.912, 456.756], [910.068, 477.269]],
[[974.592, 459.667], [904.117, 480.142]],
[[971.739, 456.738], [886.528, 480.307]],
[[971.737, 459.673], [883.496, 483.16]],
[[971.776, 456.743], [880.575, 483.348]],
[[971.741, 456.717], [880.506, 489.058]],
[[959.974, 442.031], [880.427, 486.231]],
[[965.907, 456.677], [880.47, 486.25]],
[[954.124, 456.764], [880.48, 486.251]],
[[942.282, 833.328], [0, 0]],
[[948.199, 456.836], [880.474, 486.146]],
[[927.645, 465.492], [880.506, 486.109]],
[[927.663, 474.331], [880.562, 483.302]],
[[921.683, 483.26], [880.402, 483.242]],
[[907.134, 486.257], [874.681, 483.241]],
[[904.095, 497.84], [865.825, 486.137]],
[[892.36, 503.685], [868.807, 489.037]],
[[889.386, 500.823], [871.739, 489.095]],
[[883.396, 503.8], [880.51, 494.913]],
[[880.49, 509.634], [886.404, 497.939]],
[[880.521, 512.621], [889.358, 489.093]],
[[880.535, 518.518], [874.571, 506.732]],
[[880.388, 521.479], [868.727, 503.855]],
[[880.41, 521.447], [856.955, 506.814]],
[[877.624, 524.306], [839.381, 503.889]],
[[877.532, 518.536], [824.636, 527.252]],
[[880.432, 506.883], [801.095, 530.194]],
[[877.521, 503.72], [786.278, 530.436]],
[[862.901, 497.853], [774.63, 542.003]],
[[853.981, 503.649], [777.487, 551.017]],
[[839.342, 518.483], [780.415, 550.852]],
[[818.778, 530.23], [783.411, 553.803]],
[[809.817, 547.915], [783.425, 550.984]],
[[792.346, 550.894], [783.435, 553.865]],
[[786.422, 553.814], [0, 0]],
[[783.389, 556.765], [0, 0]],
[[786.304, 574.541], [0, 0]],
[[765.638, 577.315], [0, 0]],
[[768.671, 565.589], [756.902, 580.344]],
[[762.933, 583.307], [774.56, 553.918]],
[[762.868, 583.267], [786.263, 553.749]],
[[762.787, 580.41], [783.427, 550.826]],
[[762.793, 583.282], [0, 0]],
[[762.682, 580.364], [742.237, 556.784]],
[[765.643, 577.259], [739.237, 556.766]],
[[759.75, 574.505], [739.243, 553.887]],
[[759.796, 586.243], [733.34, 571.472]],
[[765.821, 577.351], [736.224, 571.408]],
[[765.714, 577.329], [736.354, 574.432]],
[[762.9, 568.534], [0, 0]],
[[774.551, 562.657], [739.136, 553.856]],
[[786.317, 568.551], [736.313, 553.887]],
[[801.107, 559.714], [742.114, 551.022]],
[[807.011, 550.895], [742.201, 556.828]],
[[812.785, 547.878], [742.081, 553.947]],
[[812.772, 542.115], [0, 0]],
[[812.994, 544.943], [0, 0]],
[[824.595, 550.785], [745.249, 527.485]],
[[833.419, 536.226], [742.336, 530.252]],
[[845.263, 530.382], [742.135, 527.363]],
[[877.501, 527.291], [742.175, 524.379]],
[[892.322, 518.547], [739.36, 527.314]],
[[904, 518.449], [739.209, 527.296]],
[[904.05, 527.179], [739.314, 527.271]],
[[901.177, 530.338], [739.174, 527.248]],
[[904.058, 530.274], [739.211, 527.242]],
[[903.943, 530.177], [739.304, 527.308]],
[[903.993, 527.352], [745.163, 524.328]],
[[903.954, 527.168], [762.79, 524.345]],
[[904.156, 527.17], [783.379, 524.311]],
[[906.964, 521.443], [801.026, 527.171]],
[[906.988, 518.551], [824.582, 527.231]],
[[906.986, 515.527], [854.078, 527.391]],
[[912.929, 506.632], [877.552, 527.293]],
[[927.676, 503.713], [901.093, 527.314]],
[[951.096, 500.788], [918.8, 527.336]],
[[974.648, 506.696], [924.719, 527.31]],
[[1007.16, 509.759], [927.67, 524.446]],
[[1048.28, 515.52], [930.438, 524.454]],
[[1083.62, 527.359], [930.569, 527.251]],
[[1107.12, 530.239], [930.601, 524.353]],
[[1104.22, 530.289], [945.225, 521.46]],
[[1104.19, 530.315], [959.974, 527.206]],
[[1107.18, 530.314], [974.757, 527.341]],
[[1110.07, 530.267], [980.694, 527.36]],
[[1110.05, 530.232], [992.411, 527.295]],
[[1107.21, 530.177], [1001.09, 527.24]],
[[1110.11, 530.168], [1004.12, 521.441]],
[[1110.11, 530.177], [1010.07, 518.535]],
[[1110.12, 530.262], [1015.89, 527.446]],
[[1112.98, 527.455], [1024.72, 527.303]],
[[1110.12, 527.413], [1012.98, 527.345]],
[[1110.1, 530.179], [1015.89, 527.314]],
[[1115.92, 527.349], [1021.81, 527.396]],
[[1110.15, 527.423], [1021.66, 530.211]],
[[1107.19, 527.223], [1018.92, 530.234]],
[[1092.49, 527.262], [1015.86, 530.165]],
[[1080.67, 527.322], [1004.15, 527.332]],
[[1069.01, 530.275], [998.283, 524.408]],
[[1063.06, 533.257], [998.243, 524.432]],
[[1054.23, 536.211], [998.271, 527.287]],
[[1054.26, 536.226], [998.123, 527.187]],
[[1186.53, 759.82], [0, 0]],
[[1186.72, 745.209], [0, 0]],
[[1051.33, 536.133], [986.518, 530.172]],
[[1063.02, 530.349], [992.38, 530.316]],
[[1068.88, 530.349], [995.293, 530.285]],
[[1071.88, 530.174], [995.258, 530.28]],
[[1077.68, 524.302], [995.256, 530.324]],
[[1074.81, 506.815], [995.203, 530.303]],
[[1071.9, 503.778], [992.423, 530.29]],
[[1071.75, 503.845], [995.26, 530.259]],
[[1068.91, 506.828], [998.26, 527.368]],
[[1068.92, 506.727], [1007.07, 527.198]],
[[1071.74, 503.927], [1021.77, 521.369]],
[[1071.75, 503.717], [1033.59, 512.665]],
[[1071.75, 503.619], [1042.33, 506.849]],
[[1068.94, 497.879], [1051.24, 503.887]],
[[1065.94, 491.976], [1051.29, 503.898]],
[[1060.01, 489.074], [1051.21, 503.88]],
[[1036.5, 500.737], [1048.25, 506.726]],
[[1036.52, 497.94], [1048.2, 506.733]],
[[1033.56, 497.877], [1045.41, 506.607]],
[[1033.56, 492.062], [1045.34, 503.806]],
[[1027.73, 474.376], [1045.36, 503.675]],
[[1030.61, 468.511], [1048.19, 497.925]],
[[1024.82, 465.535], [1048.31, 491.987]],
[[1021.89, 465.546], [1051.21, 483.192]],
[[1024.72, 471.365], [1042.35, 483.142]],
[[1024.88, 477.24], [1027.79, 483.168]],
[[1024.73, 477.257], [1024.71, 483.117]],
[[1021.81, 474.292], [1024.74, 480.126]],
[[1018.92, 456.698], [1018.81, 465.563]],
[[1021.71, 456.649], [1018.78, 465.569]],
[[1021.73, 453.662], [1015.86, 462.586]],
[[1013.01, 450.85], [1013.01, 462.543]],
[[1010.1, 453.724], [1012.98, 462.587]],
[[1015.88, 456.557], [1018.89, 459.711]],
[[1013.02, 453.726], [1010.05, 456.834]],
[[1018.9, 450.755], [1012.97, 459.697]],
[[1015.93, 453.688], [1012.99, 459.624]],
[[1015.95, 453.73], [1015.95, 462.547]],
[[1012.99, 450.742], [1018.84, 474.258]],
[[998.284, 453.772], [1018.84, 480.053]],
[[1001.23, 453.711], [1004.2, 480.196]],
[[1024.72, 450.842], [1001.15, 480.286]],
[[1021.89, 456.783], [998.135, 483.12]],
[[1015.94, 456.607], [983.529, 483.141]],
[[1021.9, 456.784], [977.676, 483.242]],
[[1024.69, 453.786], [977.589, 483.329]],
[[1033.57, 468.501], [974.579, 483.348]],
[[1015.96, 456.678], [974.796, 483.219]],
[[1015.96, 465.548], [977.714, 483.093]],
[[1024.7, 474.387], [974.785, 480.337]],
[[1021.78, 480.308], [968.859, 480.187]],
[[1015.88, 480.372], [954.119, 483.175]],
[[1021.68, 486.099], [933.459, 486.125]],
[[1024.65, 494.966], [912.885, 489.105]],
[[1024.74, 497.837], [901.062, 503.623]],
[[1024.64, 500.751], [886.365, 500.78]],
[[1024.91, 486.125], [880.409, 500.874]],
[[1021.73, 483.22], [877.609, 506.756]],
[[1004.15, 480.177], [874.631, 512.583]],
[[986.493, 477.35], [874.606, 515.614]],
[[965.87, 480.117], [868.759, 521.461]],
[[948.157, 483.211], [862.888, 527.237]],
[[930.567, 497.934], [862.952, 527.24]],
[[901.074, 518.557], [865.778, 524.436]],
[[883.56, 521.468], [857.044, 527.316]],
[[856.977, 527.227], [877.614, 509.682]],
[[830.528, 530.317], [880.423, 512.637]],
[[812.74, 536.24], [874.686, 512.639]],
[[789.394, 547.905], [860.067, 518.547]],
[[780.509, 553.98], [857.105, 527.266]],
[[762.931, 574.519], [856.857, 530.235]],
[[759.905, 577.468], [856.884, 530.133]],
[[748.078, 583.297], [0, 0]],
[[748.117, 583.224], [833.409, 544.974]],
[[745.243, 580.411], [836.414, 544.974]],
[[745.193, 580.416], [0, 0]],
[[745.213, 583.302], [0, 0]],
[[745.217, 583.341], [836.517, 536.164]],
[[748.153, 580.321], [836.502, 542.064]],
[[751.04, 580.306], [833.456, 536.143]],
[[751.016, 577.468], [836.498, 533.213]],
[[759.757, 577.503], [833.555, 527.421]],
[[762.647, 577.413], [833.522, 530.377]],
[[765.857, 577.347], [821.691, 547.848]],
[[786.269, 574.338], [821.684, 547.83]],
[[786.35, 574.495], [815.825, 550.738]],
[[786.367, 574.389], [815.808, 550.879]],
[[786.369, 574.416], [815.851, 553.777]],
[[789.199, 574.504], [821.679, 553.885]],
[[801.056, 565.646], [824.593, 553.836]],
[[821.641, 553.929], [801.094, 550.847]],
[[833.509, 553.93], [809.99, 550.983]],
[[839.417, 553.984], [812.889, 553.923]],
[[859.933, 553.782], [815.785, 553.719]],
[[886.395, 550.792], [827.543, 553.79]],
[[903.963, 547.933], [839.277, 553.853]],
[[924.719, 533.287], [842.322, 553.858]],
[[945.316, 533.338], [845.226, 553.864]],
[[962.977, 533.312], [848.107, 553.87]],
[[974.703, 530.251], [848.159, 553.886]],
[[977.807, 530.36], [851.123, 553.762]],
[[980.664, 536.143], [851.074, 553.711]],
[[980.617, 533.33], [856.893, 550.867]],
[[980.664, 533.2], [865.839, 550.837]],
[[980.665, 533.283], [883.355, 542.072]],
[[980.702, 533.274], [892.301, 539.102]],
[[995.316, 530.357], [901.175, 533.169]],
[[998.269, 530.182], [903.996, 530.325]],
[[1004.12, 527.429], [901.034, 530.175]],
[[1015.89, 521.42], [892.321, 527.47]],
[[1018.87, 515.559], [892.353, 530.237]],
[[1018.79, 506.702], [886.525, 533.218]],
[[1015.85, 506.644], [886.436, 533.216]],
[[1012.99, 512.637], [883.613, 533.207]],
[[1012.98, 509.764], [886.411, 533.195]],
[[1015.91, 506.824], [898.19, 530.245]],
[[1018.86, 503.887], [915.917, 524.368]],
[[1021.89, 500.881], [945.318, 515.584]],
[[1045.21, 500.774], [974.658, 524.317]],
[[1057.14, 503.747], [995.314, 527.343]],
[[1074.83, 506.633], [1001.14, 524.441]],
[[1095.5, 509.754], [1001.28, 527.252]],
[[1127.74, 524.366], [1001.26, 527.185]],
[[1139.48, 530.205], [1001.36, 524.327]],
[[1154.21, 533.284], [1001.23, 524.375]],
[[1168.94, 544.937], [1001.3, 521.495]],
[[1189.68, 530.273], [1177.84, 553.819]],
[[1186.7, 556.76], [1189.51, 556.714]],
[[1186.69, 559.756], [0, 0]],
[[1186.74, 562.689], [1042.43, 527.213]],
[[1186.74, 562.65], [1048.43, 527.211]],
[[1189.45, 565.576], [1063.04, 527.281]],
[[1189.45, 562.71], [1071.83, 527.345]],
[[1186.71, 559.782], [1092.42, 527.311]],
[[1186.66, 556.852], [1095.37, 530.164]],
[[1186.73, 559.754], [1101.35, 533.21]],
[[1186.71, 559.76], [0, 0]],
[[1186.71, 559.718], [1115.97, 533.191]],
[[1186.6, 556.823], [1115.98, 533.256]],
[[1183.72, 553.971], [1121.95, 533.264]],
[[1186.52, 553.955], [0, 0]],
[[1183.62, 553.914], [1133.65, 539.173]],
[[1186.53, 553.892], [1139.47, 533.252]],
[[1186.74, 553.88], [1142.35, 530.307]],
[[1189.49, 553.839], [1142.53, 536.219]],
[[1189.6, 550.806], [1142.55, 533.211]],
[[1186.7, 553.734], [0, 0]],
[[1186.54, 556.828], [1142.48, 571.48]],
[[1174.85, 571.504], [1133.68, 595.002]],
[[1180.72, 574.388], [1142.44, 595.011]],
[[1169, 574.344], [1148.38, 580.301]],
[[1168.94, 574.326], [1142.51, 577.38]],
[[1169.07, 574.393], [1145.5, 580.38]],
[[1183.63, 574.495], [1154.18, 583.284]],
[[1186.56, 577.281], [1154.26, 586.263]],
[[1189.52, 574.531], [1151.29, 589.177]],
[[1189.52, 574.531], [1151.29, 589.177]],
[[1189.52, 574.531], [1151.29, 589.177]],
[[1189.52, 574.531], [1151.29, 589.177]],
[[1189.52, 574.531], [1151.29, 589.177]],
[[1189.52, 574.531], [1151.29, 589.177]],
