Person 2 (Occuled):
[[1124.81, 836.345], [1192.47, 833.424]],
[[1119.03, 839.293], [1192.47, 833.404]],
[[1118.82, 839.4], [1192.49, 833.438]],
[[1118.86, 842.304], [1192.48, 833.396]],
[[1118.96, 851.039], [1189.62, 833.378]],
[[1118.93, 851.047], [1189.65, 833.335]],
[[1118.92, 851.055], [1192.46, 833.348]],
[[1118.96, 851.113], [1195.43, 833.453]],
[[1118.92, 851.12], [1195.48, 830.454]],
[[1118.87, 851.071], [1195.54, 830.429]],
[[1118.82, 851.112], [1195.48, 833.507]],
[[1118.81, 851.126], [1189.65, 839.282]],
[[1118.81, 851.135], [1186.7, 845.203]],
[[1118.82, 853.948], [1183.66, 851.103]],
[[1118.86, 851.098], [1177.77, 854.04]],
[[1118.96, 853.968], [1166.04, 857.035]],
[[1142.52, 845.214], [1118.91, 859.942]],
[[1115.98, 853.981], [1166.11, 860.02]],
[[1115.99, 851.102], [1166.07, 862.83]],
[[1116.02, 848.168], [1166.02, 862.955]],
[[1116.01, 848.115], [1166.08, 865.775]],
[[1116, 848.176], [1166.06, 862.984]],
[[1115.97, 845.271], [1166.09, 862.928]],
[[1115.88, 848.19], [1166.11, 862.95]],
[[1113.04, 851.097], [1166.12, 862.952]],
[[1110.12, 853.982], [1166.11, 862.953]],
[[1101.24, 854.087], [1166.11, 862.952]],
[[1095.54, 856.924], [1166.07, 862.929]],
[[1095.32, 859.865], [1166.1, 862.931]],
[[1092.53, 862.88], [1166.14, 862.926]],
[[1092.56, 865.797], [1166.11, 862.875]],
[[1092.51, 865.865], [1166.12, 862.951]],
[[1092.49, 865.815], [1166.11, 862.89]],
[[1092.44, 865.77], [1166.12, 859.906]],
[[1092.45, 862.958], [1166.13, 859.816]],
[[1092.42, 865.78], [1166.06, 857.075]],
[[1092.43, 865.791], [1165.98, 856.936]],
[[1092.43, 865.795], [1163.18, 856.905]],
[[1092.48, 862.922], [1162.97, 857.03]],
[[1092.49, 862.952], [1160.07, 856.993]],
[[1092.44, 862.89], [1160.05, 857.079]],
[[1092.4, 860.059], [1160.03, 857.11]],
[[1092.44, 857.116], [1157.21, 857.083]],
[[1092.45, 851.123], [1160.05, 857.09]],
[[1095.38, 836.488], [1160.03, 857.08]],
[[1098.34, 830.532], [1160.12, 857.042]],
[[1104.17, 833.56], [1160.17, 857.042]],
[[1110.1, 833.54], [1160.08, 857.075]],
[[1113, 836.297], [1160.06, 857.048]],
[[1115.84, 833.435], [1160.08, 857.045]],
[[1115.94, 836.417], [1157.2, 857.029]],
[[1116.02, 833.43], [1157.17, 857.03]],
[[1116.1, 836.443], [1157.17, 857.062]],
[[1116.1, 836.409], [1157.18, 857.049]],
[[1118.85, 833.347], [1157.15, 857.045]],
[[1118.94, 833.359], [1154.27, 857.016]],
[[1118.98, 830.435], [1154.25, 856.989]],
[[1118.96, 833.414], [1151.35, 856.993]],
[[1118.94, 833.48], [1154.23, 856.983]],
[[1118.93, 833.48], [1157.22, 856.893]],
[[1118.93, 833.54], [1160.1, 854.033]],
[[1118.94, 836.341], [1162.97, 854.052]],
[[1118.9, 833.353], [1163.07, 853.939]],
[[1116.12, 830.471], [1163.19, 851.057]],
[[1116.05, 824.669], [1165.96, 851.102]],
[[1116.04, 824.603], [1166, 851.058]],
[[1116.08, 824.601], [1166.08, 848.197]],
[[1118.87, 824.668], [1169.02, 851.108]],
[[1118.94, 827.489], [1171.97, 853.94]],
[[1118.98, 821.691], [1174.81, 853.992]],
[[1119.06, 821.644], [1171.98, 854.003]],
[[1119.06, 818.785], [1171.94, 854.001]],
[[1121.83, 818.72], [1171.92, 854.056]],
[[1121.84, 815.892], [1171.91, 856.824]],
[[1119.04, 815.859], [1171.92, 854.076]],
[[1119.04, 815.804], [1171.95, 854.089]],
[[1122, 815.778], [1171.92, 854.048]],
[[1124.85, 824.571], [1171.95, 854.091]],
[[1124.8, 824.55], [1171.97, 854.075]],
[[1121.98, 827.492], [1171.94, 854.093]],
[[1121.99, 827.524], [1171.97, 854.1]],
[[1121.96, 827.588], [1174.81, 856.823]],
[[1121.97, 830.382], [1174.8, 856.829]],
[[1121.95, 827.598], [1174.81, 856.832]],
[[1121.97, 830.415], [1171.97, 856.823]],
[[1121.97, 830.443], [1171.96, 856.826]],
[[1121.97, 830.462], [1171.97, 854.105]],
[[1121.99, 830.458], [1171.97, 854.102]],
[[1122, 830.435], [1171.98, 854.102]],
[[1124.78, 830.443], [1171.98, 854.104]],
[[1124.78, 830.446], [1171.97, 854.104]],
[[1124.79, 830.408], [1171.97, 854.095]],
[[1124.78, 830.406], [1171.96, 854.094]],
[[1124.79, 830.386], [1171.94, 854.089]],
[[1124.79, 830.379], [1171.93, 854.093]],
[[1124.78, 827.601], [1171.93, 854.092]],
[[1124.79, 827.599], [1171.94, 854.093]],
[[1124.8, 827.596], [1171.94, 854.09]],
[[1124.78, 827.605], [1171.93, 854.093]],
[[1124.79, 830.39], [1171.94, 854.1]],
[[1124.79, 827.605], [1171.94, 854.103]],
[[1124.79, 827.576], [1171.93, 854.096]],
[[1124.8, 827.583], [1171.95, 854.1]],
[[1124.81, 827.575], [1171.94, 854.1]],
[[1124.83, 827.591], [1171.9, 856.821]],
[[1124.83, 827.577], [1171.89, 856.823]],
[[1124.85, 827.582], [1171.89, 856.824]],
[[1124.82, 827.577], [1171.89, 856.832]],
[[1124.82, 827.569], [1171.91, 856.821]],
[[1124.83, 827.581], [1171.9, 856.822]],
[[1124.84, 827.593], [1171.9, 854.103]],
[[1124.86, 830.382], [1171.9, 856.82]],
[[1124.86, 827.6], [1171.9, 854.102]],
[[1124.87, 827.579], [1171.9, 854.099]],
[[1124.86, 827.561], [1171.91, 854.096]],
[[1124.85, 827.572], [1171.91, 854.101]],
[[1124.86, 827.564], [1171.9, 854.098]],
[[1124.87, 827.527], [1171.91, 854.097]],
[[1124.89, 827.504], [1171.91, 854.096]],
[[1124.9, 824.58], [1171.93, 854.104]],
[[1124.83, 824.649], [1171.92, 854.059]],
[[1124.78, 815.83], [1171.92, 854.06]],
[[1119.04, 812.965], [1171.96, 854.045]],
[[1118.88, 813.007], [1171.94, 854.068]],
[[1118.84, 813], [1171.93, 854.061]],
[[1116.02, 815.79], [1171.96, 854.065]],
[[1115.95, 815.894], [1171.95, 854.079]],
[[1115.99, 815.906], [1171.97, 854.081]],
[[1116.01, 815.888], [1171.95, 854.073]],
[[1116, 815.907], [1174.81, 854.014]],
[[1115.98, 818.684], [1177.74, 854]],
[[1115.97, 818.701], [1174.9, 853.996]],
[[1115.96, 818.743], [1177.77, 853.977]],
[[1115.92, 818.749], [1180.69, 851.119]],
[[1115.92, 818.743], [1183.6, 851.119]],
[[1115.94, 815.904], [1183.65, 851.097]],
[[1115.96, 815.896], [1183.66, 851.127]],
[[1115.97, 815.897], [1183.66, 851.123]],
[[1115.97, 815.889], [1183.67, 851.119]],
[[1115.97, 815.897], [1183.66, 851.112]],
[[1115.95, 815.876], [1183.67, 851.123]],
[[1115.96, 815.866], [1183.66, 851.107]],
[[1115.95, 815.869], [1183.66, 851.108]],
[[1115.94, 815.869], [1183.65, 851.142]],
[[1115.93, 815.844], [1183.67, 853.933]],
[[1115.93, 815.83], [1183.67, 853.937]],
[[1115.94, 815.85], [1183.68, 853.923]],
[[1115.93, 815.856], [1183.67, 853.929]],
[[1115.93, 815.876], [1183.68, 853.938]],
[[1115.93, 815.892], [1183.68, 853.947]],
[[1115.93, 815.902], [1183.67, 853.95]],
[[1115.94, 815.899], [1183.67, 853.937]],
[[1115.93, 818.678], [1183.69, 853.945]],
[[1115.96, 815.903], [1183.7, 853.955]],
[[1115.94, 815.9], [1183.71, 853.956]],
[[1115.94, 815.899], [1183.72, 853.958]],
[[1115.94, 818.674], [1183.71, 853.957]],
[[1115.96, 815.897], [1183.7, 853.939]],
[[1115.99, 815.875], [1183.72, 851.134]],
[[1115.99, 815.883], [1183.73, 851.131]],
[[1116, 815.891], [1183.73, 851.136]],
[[1116, 815.884], [1183.72, 851.127]],
[[1116, 815.871], [1183.74, 851.124]],
[[1116, 815.879], [1186.49, 851.135]],
[[1115.99, 818.68], [1186.56, 851.119]],
[[1116.01, 818.768], [1186.6, 851.035]],
[[1116.03, 818.797], [1186.69, 848.11]],
[[1116.04, 821.621], [1189.52, 845.249]],
[[1116, 824.563], [1189.67, 842.334]],
[[1118.87, 821.673], [1189.64, 848.178]],
[[1127.73, 818.739], [1189.53, 851.122]],
[[1127.77, 812.97], [1186.72, 853.926]],
[[1130.74, 812.914], [1186.65, 848.166]],
[[1124.8, 824.638], [1189.51, 845.254]],
[[1121.96, 830.523], [1192.47, 836.321]],
[[1121.96, 830.481], [1192.58, 824.56]],
[[1121.94, 827.578], [1198.42, 815.78]],
[[1122, 827.553], [1195.43, 801.106]],
[[1121.98, 827.513], [1198.36, 786.397]],
[[1121.99, 827.526], [1192.51, 777.532]],
[[1122.01, 821.65], [1189.48, 768.733]],
[[1124.87, 812.897], [1183.69, 765.685]],
[[1130.76, 807.008], [1171.94, 762.668]],
[[1136.58, 801.027], [1166.09, 762.83]],
[[1139.58, 792.193], [1166.06, 762.696]],
[[1142.41, 789.411], [1165.97, 759.892]],
[[1142.45, 789.35], [1166.02, 759.804]],
[[1142.53, 789.182], [1166.09, 756.96]],
[[1142.44, 786.279], [1166.13, 759.774]],
[[1139.45, 783.296], [1168.94, 759.855]],
[[1130.65, 771.618], [1171.92, 759.895]],
[[1119.08, 768.756], [1169.03, 762.726]],
[[1115.94, 774.604], [1166.12, 765.662]],
[[1098.33, 786.164], [1163.03, 765.859]],
[[1092.43, 786.437], [1163.03, 768.741]],
[[1080.63, 798.089], [1163.03, 768.791]],
[[1080.71, 801.105], [1162.95, 768.759]],
[[1077.79, 804], [1160.09, 768.762]],
[[1074.88, 809.729], [1157.24, 774.55]],
[[1074.91, 809.79], [1151.33, 768.735]],
[[1074.88, 809.83], [1148.41, 774.605]],
[[1077.72, 807.004], [1130.69, 771.645]],
[[1072.01, 806.958], [1115.98, 771.641]],
[[1068.89, 806.885], [1104.26, 771.655]],
[[1060.07, 806.833], [1095.38, 771.668]],
[[1051.25, 801.1], [1089.47, 777.55]],
[[1045.4, 801.094], [1071.85, 774.614]],
[[1033.64, 809.804], [1065.92, 786.447]],
[[1024.9, 815.824], [1060.03, 792.191]],
[[1021.78, 821.655], [1054.18, 792.28]],
[[1018.84, 827.583], [1051.32, 792.254]],
[[1015.86, 824.561], [1048.41, 792.193]],
[[1004.1, 812.778], [1054.25, 789.272]],
[[986.521, 812.865], [1071.81, 789.369]],
[[971.709, 815.867], [1101.33, 809.793]],
[[960.06, 824.629], [1118.97, 812.937]],
[[960.021, 824.553], [1119, 812.945]],
[[959.99, 818.686], [1115.98, 833.339]],
[[954.249, 815.735], [1110.07, 836.519]],
[[974.626, 812.851], [1110.04, 836.529]],
[[989.464, 813.002], [1115.89, 836.4]],
[[1018.87, 812.996], [1118.9, 839.309]],
[[1048.27, 821.704], [1121.95, 853.994]],
[[1086.55, 830.449], [1127.74, 857.064]],
[[1101.27, 848.098], [1142.4, 862.914]],
[[1104.26, 851.015], [1162.98, 877.619]],
[[1104.2, 848.13], [1180.75, 895.287]],
[[1101.26, 848.193], [1186.56, 907.166]],
[[1095.48, 842.263], [1186.63, 910.039]],
[[1089.42, 851.096], [1186.68, 909.969]],
[[1086.49, 854.002], [1186.69, 910.031]],
[[1092.38, 848.107], [1186.52, 909.938]],
[[1095.4, 839.395], [1186.54, 906.945]],
[[1107.16, 839.391], [1186.66, 901.181]],
[[1116.01, 851.097], [1189.57, 898.231]],
[[1118.82, 857.068], [1192.61, 904.134]],
[[1118.85, 859.871], [1201.3, 910.001]],
[[1118.94, 862.853], [1213.16, 921.697]],
[[1118.94, 874.608], [1233.72, 930.559]],
[[1118.85, 883.391], [1257.19, 948.207]],
[[1115.85, 889.372], [1269.09, 957.052]],
[[1112.95, 904.046], [1280.86, 974.785]],
[[1115.98, 906.935], [1280.83, 977.73]],
[[1116.03, 915.881], [1280.89, 977.73]],
[[1118.93, 924.68], [1280.89, 977.668]],
[[1115.86, 927.482], [1280.86, 977.702]],
[[1110.14, 921.72], [1280.76, 974.785]],
[[1110.11, 924.601], [1274.94, 974.565]],
[[1113, 927.52], [1260.23, 960.027]],
[[1110.15, 927.49], [1233.67, 951.157]],
[[1107.2, 933.464], [1213.1, 951.101]],
[[1110.13, 936.509], [1192.48, 933.538]],
[[1112.97, 933.598], [1168.95, 927.622]],
[[1113.08, 930.603], [1148.37, 915.86]],
[[1110.16, 930.533], [1118.87, 906.922]],
[[1110.09, 930.649], [1080.71, 921.753]],
[[1110.07, 927.699], [1045.46, 895.221]],
[[1104.25, 927.569], [1027.67, 880.502]],
[[1101.23, 918.737], [1012.99, 871.658]],
[[1092.44, 904.127], [1001.35, 877.56]],
[[1071.96, 883.519], [998.225, 883.371]],
[[1065.9, 871.644], [986.505, 877.629]],
[[1042.36, 856.98], [977.759, 880.435]],
[[1015.92, 845.224], [983.596, 883.606]],
[[995.211, 833.312], [998.184, 883.377]],
[[974.711, 842.229], [977.715, 877.547]],
[[948.174, 845.199], [986.443, 862.851]],
[[912.958, 848.135], [995.253, 856.915]],
[[883.526, 848.147], [998.324, 851.131]],
[[856.903, 851.041], [1001.14, 845.201]],
[[827.608, 851.082], [1004.16, 836.476]],
[[804.042, 851.068], [1007.05, 836.312]],
[[789.327, 856.906], [1018.77, 839.357]],
[[786.331, 856.915], [1018.78, 842.251]],
[[786.2, 856.899], [1012.94, 845.215]],
[[786.277, 856.924], [1012.97, 839.378]],
[[786.274, 856.833], [1010.02, 836.473]],
[[786.258, 856.868], [1007.1, 839.341]],
[[786.274, 856.835], [1001.21, 842.283]],
[[786.285, 856.812], [995.261, 839.4]],
[[786.276, 856.814], [974.718, 839.39]],
[[786.26, 854.023], [968.809, 851.052]],
[[786.291, 854.054], [954.042, 848.128]],
[[786.252, 854.059], [948.229, 853.934]],
[[786.228, 854.055], [936.46, 853.97]],
[[786.23, 854.098], [912.935, 854.024]],
[[786.219, 854.023], [898.227, 851.044]],
[[777.558, 853.919], [874.588, 851.052]],
[[768.646, 853.914], [862.886, 845.238]],
[[765.79, 853.98], [856.925, 851.128]],
[[762.651, 857.013], [860, 856.877]],
[[742.318, 862.917], [859.898, 854.048]],
[[742.279, 871.646], [859.986, 853.981]],
[[742.319, 868.75], [860.068, 851.137]],
[[742.317, 868.816], [860.062, 839.413]],
[[742.241, 871.701], [862.948, 836.495]],
[[742.257, 871.665], [877.542, 842.281]],
[[742.177, 871.686], [880.39, 845.22]],
[[742.222, 865.797], [877.627, 845.197]],
[[759.884, 859.941], [877.586, 845.229]],
[[783.304, 857.078], [877.572, 845.224]],
[[809.925, 854.011], [871.72, 842.238]],
[[836.3, 839.447], [874.652, 839.317]],
[[856.954, 833.532], [883.437, 836.522]],
[[868.761, 833.409], [883.517, 830.538]],
[[880.588, 836.367], [895.273, 815.749]],
[[886.485, 845.219], [898.192, 809.896]],
[[904.054, 851.04], [904.119, 809.857]],
[[910.038, 857.098], [912.863, 809.837]],
[[909.957, 857.043], [924.72, 812.878]],
[[909.952, 857.007], [930.629, 815.746]],
[[910.002, 857.038], [939.371, 818.725]],
[[906.979, 851.117], [948.149, 824.583]],
[[906.973, 833.484], [951.052, 818.761]],
[[906.931, 809.822], [954.006, 830.44]],
[[906.979, 792.186], [951.026, 818.762]],
[[907.092, 783.409], [948.262, 812.983]],
[[903.98, 780.415], [942.298, 798.104]],
[[898.138, 768.759], [945.258, 786.453]],
[[889.408, 774.587], [930.609, 759.866]],
[[901.126, 783.373], [883.396, 742.176]],
[[901.052, 783.439], [836.304, 745.139]],
[[801.078, 530.165], [742.312, 536.261]],
[[901.156, 786.174], [753.928, 733.321]],
[[901.068, 783.399], [712.806, 718.73]],
[[892.335, 780.439], [671.712, 706.881]],
[[886.467, 774.574], [659.757, 712.712]],
[[665.687, 742.268], [862.82, 795.121]],
[[650.922, 742.276], [854.068, 789.395]],
[[856.971, 759.812], [621.635, 739.108]],
[[845.176, 748.065], [621.608, 739.139]],
[[830.438, 739.225], [621.626, 739.118]],
[[804.03, 736.267], [624.43, 739.113]],
[[789.219, 724.486], [624.565, 736.366]],
[[768.769, 718.695], [624.5, 739.195]],
[[759.768, 715.811], [624.5, 739.224]],
[[742.315, 718.573], [624.498, 739.204]],
[[742.107, 718.768], [624.379, 739.215]],
[[739.134, 724.612], [624.378, 739.288]],
[[730.371, 739.259], [624.44, 739.135]],
[[727.467, 745.251], [627.471, 727.533]],
[[730.465, 753.982], [644.973, 721.578]],
[[733.336, 759.739], [665.725, 733.312]],
[[724.602, 759.893], [689.176, 742.196]],
[[733.319, 762.688], [706.887, 756.882]],
[[736.274, 762.879], [759.801, 748.157]],
[[733.324, 765.749], [786.389, 762.911]],
[[730.392, 765.773], [809.866, 780.501]],
[[736.222, 765.851], [821.652, 786.27]],
[[739.246, 765.823], [821.624, 780.43]],
[[751.022, 765.872], [821.657, 780.512]],
[[774.599, 768.8], [827.529, 777.544]],
[[806.915, 774.626], [836.337, 777.566]],
[[833.375, 777.508], [839.35, 786.266]],
[[859.838, 774.617], [842.336, 789.318]],
[[883.349, 777.468], [842.289, 789.45]],
[[901.148, 777.506], [848.196, 789.184]],
[[915.831, 786.229], [851.148, 789.277]],
[[930.486, 792.282], [851.095, 789.221]],
[[951.09, 806.98], [854.034, 786.391]],
[[957.086, 818.676], [862.839, 780.49]],
[[957.127, 818.743], [886.4, 789.255]],
[[957.073, 818.761], [901.172, 792.196]],
[[954.182, 818.709], [909.985, 789.262]],
[[954.077, 818.691], [942.342, 806.888]],
[[951.051, 821.652], [974.741, 806.974]],
[[945.247, 824.661], [989.467, 801.031]],
[[933.46, 827.594], [1015.94, 798.123]],
[[927.615, 827.564], [1045.32, 809.943]],
[[921.769, 830.387], [1065.93, 812.87]],
[[907.151, 833.466], [1086.61, 821.641]],
[[904.014, 842.278], [1104.17, 824.63]],
[[903.953, 851.148], [1118.84, 836.452]],
[[901.153, 851.117], [1118.9, 842.275]],
[[904.025, 851.037], [1119.05, 839.392]],
[[904.158, 845.227], [1130.74, 836.353]],
[[909.953, 836.419], [1157.16, 833.406]],
[[927.53, 833.466], [1189.61, 827.572]],
[[936.429, 830.513], [1216.1, 830.428]],
[[954.094, 830.458], [1236.58, 845.223]],
[[974.596, 833.337], [1236.59, 853.982]],
[[983.589, 839.347], [1242.52, 845.211]],
[[1001.16, 851.045], [1248.38, 845.219]],
[[1021.76, 856.972], [1242.58, 845.204]],
[[1024.69, 854.051], [1245.47, 842.289]],
[[1024.73, 848.143], [1239.62, 842.254]],
[[1024.64, 839.359], [1236.69, 842.224]],
[[1021.89, 836.428], [1233.67, 842.313]],
[[1021.86, 836.349], [1216.11, 851.028]],
[[1024.67, 836.31], [1201.34, 851.04]],
[[1024.65, 836.469], [1201.38, 856.997]],
[[1024.72, 839.428], [1201.36, 859.848]],
[[1039.4, 851.026], [1204.24, 859.841]],
[[1045.38, 856.817], [1195.46, 859.868]],
[[1045.31, 856.817], [1201.31, 859.829]],
[[1045.21, 856.818], [1195.51, 856.97]],
[[1045.2, 854.048], [1189.69, 851.108]],
[[1042.46, 854.037], [1189.49, 853.969]],
[[1045.2, 851.144], [1171.89, 845.214]],
[[1042.32, 851.035], [1157.21, 839.349]],
[[1036.56, 845.188], [1142.39, 830.541]],
[[1030.65, 839.287], [1127.77, 821.651]],
[[1027.73, 836.432], [1119, 815.752]],
[[1024.89, 836.309], [1115.91, 812.776]],
[[1021.83, 836.378], [1098.32, 809.797]],
[[1012.95, 839.415], [1080.64, 807.008]],
[[1004.17, 854.1], [1074.76, 809.754]],
[[1007.1, 859.834], [1074.77, 809.83]],
[[1004.28, 857.122], [1074.81, 809.864]],
[[1004.28, 857.124], [1074.85, 807.01]],
[[1007.08, 857.042], [1107.12, 809.908]],
[[1001.3, 854.017], [1130.72, 812.813]],
[[998.16, 830.476], [1142.53, 813.002]],
[[986.49, 809.759], [1148.37, 821.715]],
[[995.238, 786.328], [1151.34, 824.648]],
[[977.825, 780.426], [1148.34, 818.771]],
[[998.215, 771.588], [1145.43, 815.834]],
[[1001.09, 783.45], [1142.56, 821.631]],
[[995.268, 792.212], [1142.48, 824.62]],
[[998.223, 798.141], [1112.98, 806.921]],
[[998.11, 795.208], [1089.45, 777.472]],
[[995.283, 792.273], [1060.04, 765.644]],
[[995.304, 792.254], [1030.7, 753.962]],
[[995.214, 789.383], [977.774, 739.302]],
[[992.315, 789.312], [951.197, 809.769]],
[[983.618, 789.188], [951.195, 795.159]],
[[977.757, 783.386], [874.606, 718.602]],
[[974.669, 777.533], [845.234, 718.649]],
[[968.773, 771.626], [833.489, 724.527]],
[[957.141, 765.828], [812.769, 718.811]],
[[954.072, 762.825], [812.864, 721.572]],
[[948.257, 753.943], [812.911, 718.831]],
[[933.584, 742.09], [815.74, 721.665]],
[[927.726, 733.341], [815.87, 724.525]],
[[927.573, 724.495], [812.867, 721.597]],
[[927.678, 721.549], [812.813, 721.627]],
[[930.552, 724.543], [809.982, 721.578]],
[[930.699, 721.561], [809.968, 718.767]],
[[930.719, 721.611], [812.724, 718.68]],
[[930.698, 730.458], [812.945, 715.797]],
[[930.606, 736.363], [830.529, 718.67]],
[[927.714, 739.158], [836.445, 724.554]],
[[918.837, 739.241], [851.054, 730.443]],
[[907.139, 742.076], [854.064, 739.2]],
[[904.056, 745.236], [851.138, 739.258]],
[[906.987, 759.883], [851.117, 739.258]],
[[907.06, 762.766], [851.128, 739.16]],
[[912.964, 765.781], [856.918, 733.38]],
[[915.903, 768.731], [871.668, 742.183]],
[[918.782, 771.649], [880.485, 754.009]],
[[918.744, 774.546], [889.323, 765.847]],
[[912.953, 768.746], [912.888, 771.597]],
[[912.883, 774.607], [930.589, 762.707]],
[[912.903, 780.409], [942.331, 765.71]],
[[918.805, 783.404], [951.164, 765.86]],
[[918.819, 783.436], [957.153, 774.537]],
[[918.839, 783.438], [960.011, 774.561]],
[[918.831, 783.394], [968.827, 786.251]],
[[921.721, 783.432], [974.688, 789.348]],
[[918.81, 783.464], [983.531, 809.832]],
[[910.039, 783.394], [980.673, 809.76]],
[[907.051, 783.41], [980.687, 809.995]],
[[909.984, 783.469], [980.685, 812.787]],
[[924.735, 789.392], [983.5, 812.849]],
[[927.628, 798.111], [983.53, 812.752]],
[[927.667, 803.931], [983.502, 809.891]],
[[927.502, 809.798], [992.395, 809.977]],
[[924.643, 812.757], [1001.36, 812.855]],
[[921.766, 812.922], [1012.97, 812.987]],
[[921.69, 815.778], [1021.79, 815.783]],
[[918.8, 815.883], [1024.71, 815.888]],
[[921.745, 815.729], [1024.77, 830.463]],
[[918.844, 815.844], [1036.48, 833.563]],
[[918.825, 815.816], [1036.49, 836.323]],
[[918.773, 815.739], [1030.67, 833.563]],
[[918.735, 812.784], [1030.69, 833.516]],
[[918.792, 812.71], [1027.74, 833.356]],
[[921.771, 809.995], [1024.85, 830.544]],
[[924.571, 809.929], [1024.84, 821.677]],
[[918.794, 809.863], [1045.24, 833.508]],
[[912.933, 809.934], [1054.25, 827.598]],
[[907.111, 815.845], [1071.89, 821.666]],
[[907.045, 821.622], [1092.39, 830.421]],
[[906.972, 836.308], [1101.28, 842.248]],
[[912.944, 845.273], [1104.19, 842.308]],
[[924.581, 845.185], [1112.96, 851.064]],
[[927.579, 842.226], [1112.99, 848.172]],
[[930.691, 836.542], [1107.15, 848.153]],
[[942.32, 836.458], [1098.32, 842.31]],
[[948.192, 839.327], [1092.4, 848.127]],
[[945.304, 836.451], [1065.88, 836.372]],
[[939.427, 836.297], [1021.68, 809.999]],
[[939.399, 833.476], [977.721, 801.089]],
[[939.377, 833.345], [903.962, 854.046]],
[[951.051, 459.734], [880.519, 489.03]],
[[936.457, 833.294], [801.071, 786.296]],
[[930.706, 827.528], [756.952, 765.708]],
[[924.586, 815.854], [703.921, 762.855]],
[[906.997, 812.709], [671.497, 762.66]],
[[883.562, 809.976], [644.999, 765.904]],
[[871.652, 809.776], [624.59, 780.475]],
[[851.121, 804.03], [627.47, 780.495]],
[[830.442, 795.234], [630.318, 783.316]],
[[798.089, 792.208], [630.397, 777.504]],
[[768.752, 786.428], [630.358, 786.307]],
[[756.936, 780.493], [630.359, 786.171]],
[[733.329, 774.556], [627.507, 783.351]],
[[715.574, 771.592], [630.323, 783.312]],
[[683.389, 786.253], [627.438, 783.315]],
[[668.733, 789.362], [624.466, 783.373]],
[[665.571, 804.024], [647.995, 809.927]],
[[651.064, 815.775], [668.533, 786.44]],
[[653.88, 818.784], [692.057, 789.287]],
[[651.021, 821.643], [709.839, 792.189]],
[[648.152, 824.599], [739.221, 792.262]],
[[742.286, 789.438], [639.141, 824.604]],
[[647.938, 824.599], [786.305, 806.924]],
[[648.028, 827.519], [812.798, 824.634]],
[[648.075, 821.69], [812.883, 830.547]],
[[662.679, 818.744], [812.955, 827.537]],
[[692.106, 818.72], [812.928, 827.498]],
[[721.612, 815.858], [809.99, 818.715]],
[[759.875, 815.732], [812.757, 815.868]],
[[839.287, 836.401], [892.291, 803.983]],
[[839.394, 836.412], [892.301, 806.922]],
[[839.291, 833.328], [898.193, 806.982]],
[[842.227, 815.8], [895.258, 809.725]],
[[851.134, 812.847], [904.093, 809.754]],
[[856.983, 833.288], [907.021, 803.946]],
[[865.844, 833.451], [927.683, 812.792]],
[[871.675, 836.506], [936.468, 818.74]],
[[862.912, 836.487], [930.609, 833.39]],
[[860.011, 839.282], [907.076, 842.229]],
[[857.035, 833.489], [880.514, 848.181]],
[[860.002, 839.279], [845.2, 856.975]],
[[854.08, 836.352], [833.305, 883.582]],
[[836.479, 836.398], [824.665, 883.586]],
[[795.226, 853.971], [827.598, 883.42]],
[[783.453, 810.019], [833.368, 880.57]],
[[759.815, 789.197], [833.511, 877.516]],
[[718.698, 780.434], [836.442, 877.545]],
[[695.171, 756.897], [842.246, 862.94]],
[[686.233, 759.794], [848.193, 859.932]],
[[665.618, 783.437], [851.091, 848.134]],
[[653.92, 821.612], [857.078, 836.382]],
[[651.033, 865.836], [868.712, 833.416]],
[[668.477, 906.923], [880.631, 818.763]],
[[686.309, 948.211], [883.554, 815.811]],
[[683.28, 951.279], [883.503, 839.389]],
[[683.381, 951.168], [865.774, 889.325]],
[[683.326, 951.16], [860.051, 904.197]],
[[683.33, 951.145], [859.922, 904.081]],
[[686.214, 951.091], [859.974, 904.035]],
[[680.365, 951.013], [856.91, 898.217]],
[[686.219, 930.444], [842.273, 898.203]],
[[692.063, 915.816], [836.447, 904.009]],
[[695.183, 903.983], [830.474, 907.001]],
[[715.618, 871.695], [815.841, 912.887]],
[[730.377, 856.936], [812.969, 918.745]],
[[742.141, 845.174], [812.887, 915.906]],
[[762.877, 836.485], [812.863, 918.772]],
[[780.479, 848.161], [809.992, 915.831]],
[[798.134, 851.064], [809.854, 910.071]],
[[836.354, 856.812], [809.893, 910.046]],
[[868.824, 836.28], [812.876, 904.163]],
[[812.761, 860.032], [877.524, 856.916]],
[[880.587, 851.108], [815.818, 880.461]],
[[880.396, 848.104], [865.802, 854.011]],
[[877.587, 836.376], [883.418, 851.135]],
[[883.458, 833.397], [907.041, 836.373]],
[[883.39, 839.388], [933.577, 824.584]],
[[880.623, 839.428], [971.819, 824.56]],
[[883.569, 836.521], [1010.04, 789.278]],
[[901.086, 815.858], [1048.19, 783.356]],
[[924.683, 809.984], [1074.82, 765.779]],
[[957.063, 789.262], [1110.13, 756.892]],
[[995.228, 786.248], [1136.61, 736.251]],
[[1015.91, 789.231], [1157.23, 718.762]],
[[1160.18, 721.649], [1001.15, 812.743]],
[[1042.41, 804.005], [1186.53, 745.132]],
[[1048.21, 792.334], [1192.6, 748.041]],
[[1069.04, 783.383], [1192.58, 751.043]],
[[1092.4, 783.308], [1192.52, 750.975]],
[[1115.84, 774.582], [1192.56, 748.072]],
[[1133.6, 783.416], [1195.52, 750.99]],
[[1157.23, 768.739], [1198.36, 753.979]],
[[1180.69, 765.873], [1192.51, 742.228]],
[[1054.23, 536.155], [995.335, 527.229]],
[[1057.1, 536.206], [992.356, 527.217]],
[[1189.58, 742.239], [1204.32, 759.858]],
[[1189.58, 748.119], [1210.22, 765.653]],
[[1186.54, 759.772], [1210.24, 765.654]],
[[1183.6, 751.074], [1213.16, 762.804]],
[[1168.94, 756.919], [1236.71, 753.935]],
[[1157.21, 745.125], [1254.26, 759.742]],
[[1142.4, 739.327], [1260.15, 759.891]],
[[1133.62, 739.238], [1260.27, 762.876]],
[[1121.89, 742.196], [1260.24, 762.792]],
[[1116.09, 742.142], [1260.23, 762.842]],
[[1115.83, 751.049], [1257.34, 762.827]],
[[1113.04, 759.839], [1260.13, 762.78]],
[[1113.06, 762.851], [1260.16, 762.66]],
[[1115.87, 768.749], [1257.17, 756.875]],
[[1113.06, 774.543], [1248.4, 762.754]],
[[1113.05, 777.516], [1230.68, 765.848]],
[[1113, 777.559], [1198.42, 771.601]],
[[1112.99, 777.481], [1169.02, 780.43]],
[[1112.95, 780.422], [1139.61, 777.479]],
[[1107.12, 771.639], [1115.9, 783.322]],
[[1104.17, 780.5], [1095.41, 789.251]],
[[1095.36, 780.456], [1092.44, 792.259]],
[[1074.74, 786.344], [1092.38, 804.04]],
[[1065.86, 774.573], [1092.3, 798.123]],
[[1045.47, 780.496], [1092.37, 795.182]],
[[1030.6, 786.39], [1092.33, 792.189]],
[[1021.87, 786.459], [1089.52, 792.275]],
[[1007.09, 789.254], [1086.52, 792.336]],
[[998.364, 803.953], [1086.57, 798.15]],
[[995.301, 809.907], [1089.45, 807.007]],
[[998.102, 818.723], [1086.56, 798.112]],
[[995.226, 815.814], [1089.49, 801.026]],
[[992.346, 815.793], [1089.44, 798.091]],
[[986.458, 812.935], [1083.64, 795.145]],
[[980.561, 812.819], [1089.51, 792.269]],
[[974.627, 809.935], [1095.33, 792.249]],
[[957.094, 809.866], [1101.28, 795.223]],
[[948.264, 809.908], [1112.93, 798.156]],
[[930.601, 812.975], [1116.04, 803.936]],
[[927.631, 821.637], [1124.88, 812.856]],
[[921.689, 830.55], [1133.65, 836.364]],
[[924.572, 839.326], [1136.59, 836.463]],
[[921.698, 839.439], [1136.6, 836.46]],
[[924.651, 842.314], [1136.57, 836.356]],
[[924.737, 845.169], [1133.59, 833.46]],
[[924.654, 845.232], [1130.71, 833.525]],
[[924.634, 845.187], [1121.85, 830.502]],
[[924.596, 836.519], [1092.38, 818.765]],
[[921.783, 833.435], [1071.81, 810.003]],
[[924.575, 830.499], [1051.2, 806.924]],
[[924.697, 830.517], [1027.64, 798.079]],
[[927.62, 833.352], [1004.2, 792.229]],
[[930.51, 833.291], [995.262, 792.215]],
[[930.717, 833.448], [995.354, 795.168]],
[[945.328, 836.349], [998.173, 795.228]],
[[954.085, 839.314], [998.14, 798.125]],
[[954.236, 836.526], [995.365, 798.114]],
[[954.08, 836.478], [995.331, 798.075]],
[[951.233, 839.347], [995.279, 795.24]],
[[951.145, 839.283], [995.298, 795.159]],
[[951.13, 848.19], [992.314, 795.158]],
[[951.061, 851.027], [992.406, 792.323]],
[[951.127, 848.182], [980.581, 798.151]],
[[951.056, 845.224], [971.702, 803.975]],
[[948.244, 845.216], [957.094, 806.984]],
[[948.137, 845.186], [948.255, 806.951]],
[[948.198, 842.283], [930.538, 824.591]],
[[948.179, 845.165], [909.957, 839.302]],
[[948.195, 845.176], [907.129, 839.285]],
[[945.224, 833.482], [907.16, 842.296]],
[[945.268, 833.399], [907.132, 836.477]],
[[948.183, 830.465], [910.012, 833.472]],
[[951.027, 827.592], [915.857, 830.497]],
[[948.261, 827.584], [924.583, 830.534]],
[[948.243, 833.42], [918.785, 833.437]],
[[951.071, 836.486], [918.807, 836.408]],
[[951.27, 836.37], [903.984, 809.901]],
[[954.114, 836.404], [910.062, 842.297]],
[[939.397, 827.484], [930.585, 833.445]],
[[924.599, 812.909], [930.664, 833.376]],
[[904.032, 812.954], [930.605, 809.984]],
[[880.606, 833.325], [924.628, 801.097]],
[[865.775, 848.21], [948.275, 798.175]],
[[865.793, 851.088], [995.352, 812.85]],
[[862.922, 851.145], [1012.92, 815.874]],
[[862.851, 853.975], [1018.78, 821.679]],
[[862.843, 851.122], [1007.09, 845.216]],
[[862.838, 848.103], [1001.22, 854.087]],
[[874.672, 851.146], [1001.3, 856.962]],
[[883.436, 856.97], [1004.18, 856.948]],
[[901.03, 856.964], [1024.79, 862.839]],
[[904.097, 862.843], [1036.48, 877.64]],
[[904.134, 865.861], [1045.22, 883.505]],
[[904.082, 865.815], [1051.24, 889.435]],
[[903.995, 860.089], [1062.98, 906.899]],
[[901.154, 857.121], [1068.81, 921.659]],
[[901.065, 853.932], [1068.75, 924.607]],
[[901.109, 833.431], [1065.99, 924.639]],
[[904.115, 824.611], [1065.9, 924.697]],
[[915.891, 815.778], [1062.99, 924.695]],
[[951.147, 830.545], [1065.92, 924.653]],
[[965.88, 839.413], [1071.83, 924.576]],
[[983.513, 856.97], [1074.9, 915.816]],
[[1001.24, 860.065], [1092.5, 918.765]],
[[1021.8, 874.685], [1115.95, 927.477]],
[[1042.41, 880.429], [1139.54, 930.541]],
[[1051.29, 883.593], [1163.14, 933.554]],
[[1071.8, 892.346], [1189.5, 939.405]],
[[1092.3, 903.982], [1216.06, 954.266]],
[[1092.49, 907.064], [1230.82, 965.894]],
[[1098.31, 906.999], [1233.61, 971.675]],
[[1110.04, 907.09], [1233.65, 968.841]],
[[1112.97, 915.859], [1233.66, 968.875]],
[[1110.03, 912.862], [1233.6, 971.702]],
[[1095.4, 907.084], [1230.83, 968.806]],
[[1092.32, 904.04], [1227.78, 965.854]],
[[1086.53, 901.01], [1207.27, 957.164]],
[[1080.68, 901.057], [1174.85, 957.022]],
[[1074.85, 904.008], [1145.5, 954.06]],
[[1071.86, 904.018], [1139.4, 957.026]],
[[1068.99, 904.12], [1136.55, 957.033]],
[[1068.83, 904.013], [1136.53, 957.026]],
[[1068.92, 903.981], [1136.53, 954.236]],
[[1068.88, 904.067], [1139.45, 951.178]],
[[1068.94, 904.081], [1139.41, 945.25]],
[[1068.99, 904.136], [1124.8, 930.577]],
[[1068.96, 903.932], [1116.04, 918.755]],
[[1068.91, 895.236], [1116, 907.107]],
[[1068.95, 886.43], [1119, 904.057]],
[[1068.85, 883.499], [1127.74, 886.505]],
[[1068.78, 874.596], [1136.6, 883.384]],
[[1068.87, 868.828], [1139.48, 862.931]],
[[1068.86, 877.58], [1127.77, 854.019]],
[[1068.88, 880.631], [1124.83, 851.123]],
[[1068.86, 883.458], [1127.73, 839.281]],
[[1068.89, 880.633], [1113.09, 833.472]],
[[1068.84, 874.598], [1104.27, 833.544]],
[[1068.83, 853.984], [1115.92, 836.282]],
[[1065.98, 836.319], [1118.83, 833.44]],
[[1068.97, 812.751], [1116.08, 833.422]],
[[1071.72, 804.053], [1116.04, 833.397]],
[[1071.88, 795.179], [1118.92, 833.375]],
[[1077.8, 789.426], [1118.86, 833.33]],
[[1092.3, 789.454], [1116.04, 830.507]],
[[1101.22, 801.09], [1113.02, 833.293]],
[[1118.99, 789.368], [1115.92, 830.457]],
[[1142.39, 798.106], [1113.04, 830.471]],
[[1157.17, 792.214], [1107.11, 830.479]],
[[1166.05, 792.348], [1098.43, 830.39]],
[[1165.91, 798.084], [1104.23, 827.497]],
[[1165.9, 801.072], [1112.96, 815.872]],
[[1165.91, 798.079], [1121.91, 809.998]],
[[1165.96, 792.209], [1142.61, 806.846]],
[[1169.04, 789.303], [1174.83, 795.201]],
[[1163.19, 789.384], [1195.45, 795.146]],
[[1166.04, 792.228], [1230.67, 806.834]],
[[1166.04, 792.228], [1230.67, 806.834]],
[[1166.04, 792.228], [1230.67, 806.834]],
[[1166.04, 792.228], [1230.67, 806.834]],
[[1166.04, 792.228], [1230.67, 806.834]],
[[1166.04, 792.228], [1230.67, 806.834]],
